11707642
12122034
12498754
14506401
23838052
26021304
30154290
7771636
8561288
9161613
11263683
11779280
14662551
15456932
15546698
15982446
15997015
16500088
16782178
17033628
17077132
17097276
17341445
17443018
17976957
18055927
18187528
18289882
18402938
18662866
18691766
1877728
18940597
19032963
19285558
19463699
1953418
19619664
19643925
19653814
19860794
19884612
19891807
19926237
19961866
20045399
20621162
20647266
20814988
20816768
20863671
20875635
2088347
20951979
21035788
2106374
21310189
21410483
21451018
21557880
21576912
21646569
21652031
21704711
21799209
21827861
21919920
22070867
22076840
22079653
22115001
22150750
22178355
22212839
22218286
22277302
22360590
22566562
22581200
22693145
22746999
22804969
22850347
22907274
23102121
23149031
23240997
23265637
23328472
23364872
23442156
23480966
23541231
23642578
23851400
24048857
24246274
24442602
24449748
24513182
24549970
24612094
24656768
24670291
24700453
24892191
24920451
24961871
25039251
25172180
25208190
25260201
25451322
25514517
25595574
25600549
25637267
25651064
25666756
25672482
25698637
25769320
25814469
25865908
25901203
25952288
26003854
26066588
26088967
26210335
26228524
26249265
26252988
26264353
26308966
26311395
26343988
26363777
26381449
26399236
26404018
26530221
26712857
26792587
26853805
26897585
26971049
27016386
27053210
27095357
27423425
27452238
27552532
27669406
27687470
27738991
27739397
27808568
27829310
27830632
27856361
27869301
27875803
27883214
27917536
27989645
27998326
28106934
28131932
28193454
28320224
28334915
28433420
28442353
28602816
28656347
28735700
28764867
28918267
28960637
29057579
29105114
29113872
29251844
29254657
29340793
29440536
29482671
29516092
29558674
29624440
29696595
29704001
29734953
29883011
30058761
30204241
30276811
30300802
30379118
30448109
30468786
30558823
30589303
30605431
30611726
30691673
30785022
30809764
30816616
30980125
31028692
31101397
31217828
31249310
31254799
31365137
31369670
31400378
31481166
31523140
31794972
31851304
31860777
31886611
31954233
31991525
32062336
32115811
32124275
32128717
32133485
32339317
32445335
32485434
32572834
32580206
32616578
32767519
32965490
32970324
33000891
33039622
33080597
33155343
33166509
33274546
33279357
33464541
33551284
33620763
33657478
33667779
33726938
33756020
33774123
33811018
33811940
33839555
33951262
34002208
34089343
34092032
34120347
34157587
34167611
34175744
34313804
34363622
34379727
34555690
34606038
34729592
34808703
34813988
34907616
35040937
35045769
35181384
35294980
35332986
35470553
35676089
35872614
35946335
35963584
36001427
36170756
36272658
36301210
36333937
36348233
36380634
36416534
36638963
36640686
36807120
36899209
37004381
37289285
37306960
37338201
3736773
37369720
37480977
37657667
37753562
37753565
37772408
37855070
37855073
37981203
38009082
38017161
38049075
38078981
38186007
38219355
38284862
38382237
38409281
38463974
38493700
38496639
38528368
38593597
38639847
38679482
38713331
38738358
38924904
38964089
38982564
39051658
39488939
39533760
39552054
39608224
39656127
39708897
39818930
39826772
39908873
39988256
40087228
40102267
40716397
41005177
41106487
41175943
41274365
41292728
41386004
41389223
41499122
41510724
41817604
41831540
41852160
41871476
41881887
41905436
41921627
42006782
42061581
42070367
42190596
42219941
42282719
42286090
42287412
42393033
42393253
42398682
42412741
42481781
42485844
42533191
7980966
8329491
9153520
9542891
