11515754
15465974
16167185
16290890
16565998
16598192
17611740
17987060
19015835
19025463
19806158
20695685
21717780
22234380
23921439
24754423
24847853
24956915
25533729
25742873
25833968
26237321
26613332
27570893
28451921
29152692
29227227
31342097
32597838
33491312
33677449
33738536
34147511
34585396
36758371
37401734
37434487
37556131
39485856
10553492
10796494
10796505
10796558
10908462
11686953
12519537
12697627
14660070
15100605
15266423
15355757
15464121
15585037
15674895
15833231
15850502
16625620
17088500
17643131
17846151
18164583
18312035
18461548
18985597
19240054
19476573
19737441
19853720
19926661
20445032
20456294
20648909
21135315
21161758
21225413
21349378
21999689
22228252
23520600
23632569
24217504
24768717
24945709
25170798
25864599
25903153
25990312
26283736
26331843
26650254
26679723
26692110
27505198
28255940
28564556
29017196
29098669
29120924
29388475
29734883
30214041
30451013
31028603
31326358
31898088
32148192
32580914
32720119
32772094
33098179
33142364
33145706
33147505
33225513
33289928
33360853
33417264
33453587
33502720
33587959
33631251
33735709
33742481
33794259
33827335
33853721
33864389
33901056
34132011
34158656
34171325
34312937
34365088
34427358
34463411
34514666
34547636
34600216
34609231
34625215
34687811
34687826
34734391
34786811
34841633
34913220
35007942
35024885
35026761
35066460
35099670
35105221
35175067
35246699
35343882
35451074
35674869
35738424
35754101
35785575
35810622
35850096
35876620
35915548
36029312
36031010
36136203
36301219
36345149
36380640
36416049
36418675
36470225
36536243
36581170
36648091
36692874
36720648
36764599
36855285
36948909
36987598
37016754
37140408
37146484
37161812
37167985
37252876
37252878
37276204
37329519
37400684
37441998
37493019
37577814
37604108
37605635
37678541
37689524
37690585
37690620
37731332
37749782
37753561
37861062
37880829
37890532
37949774
37979478
38017637
38206672
38273429
38281353
38300175
38367535
38376518
38426251
38432622
38679482
38710170
38847535
38908501
38964089
39162577
39178637
39197549
39313561
39323104
39326740
39353226
39397386
39523055
39530592
39591619
39607733
39665462
39667495
39702947
39753153
39889945
39929057
39971120
39973027
40082646
40169911
40289188
40300301
40342086
40347309
40439418
40441339
40451996
40500419
40528148
40681661
40749271
40859695
40884840
41025421
41032574
41129865
41171562
41224247
41274369
41343353
41534246
41553151
41610562
41650683
41655820
41691824
41734320
8826538
